0.0108765
0.0185587
0.0187956
0.0188746
0.018764
0.0187324
0.0185903
0.0185271
0.0184165
0.018385
0.0184165
0.0186219
0.0184007
0.018227
0.0181006
0.0181954
0.0186219
0.0187956
0.0187482
0.0185271
0.0186061
0.0191589
0.0190483
0.0190799
0.0187482
0.0179269
0.0185271
0.019301
0.0191905
0.0186219
0.0184165
0.0192379
0.0183534
0.0184797
0.0178637
0.0182428
0.0184323
0.0183692
0.0183218
0.0189062
0.0182744
0.0187798
0.0182112
0.018764
0.0188904
0.0182586
0.0187166
0.0181164
0.018385
0.0182428
0.0189062
0.0187798
0.0180217
0.0184323
0.0184797
0.0183534
0.018227
0.018685
0.0184797
0.0182586
0.0183534
0.0186693
0.0188746
0.0185587
0.0188114
0.0187482
0.0181322
0.0189851
0.0190799
0.0183376
0.0184007
0.0186061
0.0184007
0.0187956
0.0186693
0.0181638
0.0180533
0.0183218
0.0187482
0.018306
0.0183692
0.0184955
0.0187798
0.0191273
0.0190957
0.0185113
0.0187166
0.0182112
0.0184165
0.0183376
0.0184639
0.0188588
0.0187166
0.0186693
0.0191115
0.0182112
0.0189694
0.018922
0.0192063
0.0186535
0.0184007
0.0192379
0.0189694
0.0185587
0.0184955
0.0186219
0.0185429
0.0187008
0.0182428
0.018306
0.0184481
0.0184323
0.0185903
0.0183692
0.018385
0.0191115
0.0186061
0.0184323
0.0183376
0.0186377
0.0185113
0.0185429
0.0183534
0.0183376
0.0190009
0.0180217
0.0181954
0.0187482
0.0189536
0.0186693
0.0187324
0.0187166
0.0186535
0.0188114
0.018764
0.0183534
0.0194906
0.018764
0.0188904
0.0186693
0.0185429
0.0190009
0.0184797
0.0183534
0.0192221
0.0184955
0.0187166
0.0185271
0.0186535
0.018764
0.0183376
0.0187166
0.0187798
0.0179111
0.0186535
0.018385
0.0179269
0.0186061
0.0186061
0.0181954
0.0186061
0.0187008
0.0188746
0.0188588
0.0182112
0.0183692
0.0191905
0.0184007
0.0191589
0.0180533
0.0185745
0.0186535
0.0186693
0.0189694
0.0183692
0.0185271
0.0175952
0.0187324
0.0181006
0.0185113
0.0190799
0.0192852
0.0183534
0.0185745
0.018306
0.0181638
0.0191431
0.018385
0.0182112
0.0191273
0.0181322
0.0179901
0.0189694
0.0186693
0.0187798
0.0189062
0.018843
0.018843
0.0188114
0.0184955
0.0185113
0.0184165
0.0185271
0.0186535
0.0185271
0.0188588
0.0192537
0.0190325
0.0187482
0.0191747
0.0190799
0.0183218
0.0182112
0.0184955
0.0186061
0.0184955
0.0186219
0.0189378
0.0189536
0.0183376
0.0190799
0.0190483
0.0185113
0.0193168
0.0186693
0.0185587
0.018227
0.0189851
0.0187008
0.0187166
0.018764
0.0179585
0.0186693
0.0191273
0.0178795
0.0186377
0.0182744
0.0182428
0.0183218
0.0189851
0.0184955
0.0185271
0.0187956
0.0186535
0.0187482
0.018685
0.0185903
0.0188746
0.0190009
0.0186219
0.0180691
0.0186693
0.0181954
0.0188904
0.0184007
0.018385
0.0183692
0.018843
0.0181796
0.0180691
0.0181796
0.0183376
0.0199644
0.0192379
0.0187798
0.0189536
0.0185113
0.0184797
0.0185745
0.0186693
0.018306
0.0182586
0.0184165
0.018385
0.0184797
0.0188272
0.0181954
0.018148
0.0184955
0.0186377
0.0181164
0.0181796
0.0190799
0.0184639
0.0184165
0.0183534
0.0188746
0.0188588
0.0186377
0.018764
0.0186061
0.0184481
0.0186219
0.0179111
0.0185587
0.0188272
0.0184955
0.0182428
0.0182586
0.0186535
0.0187166
0.0187008
