0.0136939
0.0137097
0.0142468
0.0144205
0.0138361
0.0144363
0.0140572
0.0137571
0.0143415
0.01461
0.0141836
0.0140888
0.014152
0.0141678
0.0148627
0.0144363
0.0144995
0.0137729
0.0138519
0.0137097
0.0143889
0.0143099
0.0146574
0.014768
0.0151786
0.0150839
0.0149733
0.0143889
0.0152418
0.0147206
0.015226
0.0155735
0.0155419
0.0156367
0.0156367
0.0152576
0.0153682
0.0151313
0.0158262
0.0162843
0.0162369
0.0162685
0.0167423
0.0157315
0.0165686
0.0162211
0.0162053
0.015763
0.0162527
0.0165844
0.0173741
0.0170266
0.0164738
0.016379
0.0163001
0.0164738
0.0163474
0.0166949
0.0164264
0.0166002
0.0165686
0.016616
0.0169792
0.0174373
0.0177216
0.016995
0.018306
0.0175478
0.016537
0.0175005
0.0175794
0.0174847
0.0171372
0.0172319
0.0180217
0.0185587
0.0178479
0.0177216
0.0170266
0.0180533
0.0181796
0.0180375
0.0180691
0.0184323
0.0180059
0.0180533
0.0178479
0.0188114
0.0180691
0.018385
0.018385
0.0182586
0.0186693
0.0186535
0.0187482
0.0188588
0.0185429
0.0184165
0.0181006
0.0188746
0.0187956
0.0180059
0.0188904
0.0188588
0.0188272
0.0189851
0.0189062
0.0192221
0.0192063
0.0192537
0.0191273
0.0191273
0.0195853
0.0192221
0.0184639
0.0194906
0.0187008
0.0188272
0.0189694
0.0191589
0.0188746
0.0197117
0.019538
0.0193168
0.0191273
0.0190483
0.0192537
0.0193642
0.0194116
0.0193484
0.0198381
0.0195695
0.0193484
0.0203119
0.0189062
0.0190483
0.0190009
0.0197275
0.0201697
0.0187798
0.0197433
0.0202645
0.0191905
0.0189378
0.0194274
0.0193484
0.0199802
0.0197591
0.0202487
0.0200592
0.0194432
0.0196011
0.019917
0.0196959
0.0200908
0.0197591
0.0202171
0.0191273
0.0210542
0.0206752
0.0195853
0.0202645
0.0195695
0.019301
0.0200118
0.0209121
0.0194748
0.0205646
0.0200908
0.020533
0.0201382
0.0203909
0.0203593
0.0206436
0.0205962
0.0199486
0.0201224
0.0201855
0.0196485
0.0203593
0.0201382
0.0206436
0.0192537
0.0197907
0.0203909
0.020612
0.0200118
0.0199486
0.0199644
0.0203119
0.020533
0.0208963
0.0204698
0.020454
0.0206436
0.0202645
0.0207699
0.0201697
0.0196327
0.0201539
0.0207699
0.0202803
0.020075
0.0202961
0.0205804
0.0205646
0.0209753
0.0197275
0.0205014
0.020612
0.0204856
0.020533
0.0203909
0.0203751
0.020612
0.0207699
0.0196643
0.0205804
0.0208489
0.0208173
0.0203119
0.0197275
0.0209753
0.0201224
0.0207541
0.0207699
0.0206436
0.0202645
0.0205646
0.0206594
0.0208015
0.0205962
0.0208015
0.0211806
0.019917
0.0198065
0.0208331
0.0207068
0.0210227
0.0206278
0.0209911
0.0211174
0.0207857
0.0213701
0.0207857
0.0204225
0.0198696
0.0203909
0.0210542
0.0206594
0.0205172
0.0202329
0.0207699
0.0208489
0.0210542
0.0207226
0.0209911
0.021149
0.0209595
0.0209121
0.020612
0.0207226
0.0208015
0.0208647
0.0211332
0.0205962
0.0205962
0.0208015
0.019996
0.0203593
0.020533
0.0204067
0.0199802
0.0206752
0.0207541
0.0206278
0.0208805
0.0208331
0.0206752
0.0207699
0.0208647
0.0203751
0.0211016
0.0201855
0.0207699
0.0202171
0.0208015
0.0206278
0.0198065
0.0198223
0.0212754
0.0205488
0.0204067
0.0208331
0.0208963
0.0203593
0.0195064
0.0208331
0.0215281
0.0208489
0.021149
0.0205488
