0.0209911
0.0210384
0.0202329
0.0208331
0.0206278
0.0203435
0.019917
0.0205488
0.0207226
0.0206436
0.0208015
0.0203435
0.0210858
0.0209911
0.0214965
0.0203277
0.0210384
0.0210384
0.02107
0.0209437
0.0206278
0.0215439
0.0210069
0.0207541
0.0205962
0.020533
0.0196801
0.0200276
0.0200908
0.0208963
0.0209595
0.0205488
0.0208331
0.021307
0.020533
0.0212438
0.0203435
0.0203435
0.0206436
0.0213701
0.0208015
0.021149
0.0203751
0.0208805
0.0214333
0.0210227
0.0205962
0.0208647
0.0200592
0.0209279
0.0206436
0.0210542
0.020612
0.0207226
0.0208963
0.0216386
0.0212912
0.0205488
0.0210069
0.0208963
0.021307
0.021307
0.0208963
0.0211806
0.0209911
0.0210069
0.0217808
0.0208331
0.020691
0.0203119
0.0208647
0.021307
0.0206278
0.0208489
0.0204225
0.0211174
0.0213385
0.0220177
0.0212122
0.0206278
0.0210858
0.020533
0.0207857
0.0209753
0.0202487
0.0205172
0.0209595
0.0203593
0.0203909
0.0208015
0.0207699
0.0201539
0.0214175
0.0205014
0.0209753
0.0211016
0.0210384
0.0213701
0.0207068
0.0216228
0.0207541
0.0207384
0.0205488
0.020454
0.0211016
0.021228
0.0207226
0.0203593
0.0201382
0.020454
0.0203119
0.0214175
0.0207384
0.0203119
0.0207226
0.0216702
0.0203593
0.0201066
0.0211174
0.0208963
0.0206278
0.0210542
0.0208963
0.0207384
0.0206752
0.0202961
0.0204856
0.0209911
0.0212596
0.0207068
0.0204856
0.0214491
0.0209911
0.0207068
0.0212122
0.0202487
0.02107
0.0204698
0.020533
0.0207699
0.020612
0.0203119
0.0210069
0.0207699
0.0207226
0.0205646
0.0204698
0.0208015
0.0202487
0.0208173
0.0208647
0.0210227
0.0196485
0.0208015
0.0211016
0.0208331
0.021228
0.0212912
0.0210227
0.0207541
0.020454
0.0202803
0.0207541
0.0207226
0.0210227
0.0207699
0.0208805
0.0209121
0.0200592
0.0210384
0.0206278
0.0203593
0.0208015
0.0204698
0.021228
0.0215439
0.0209753
0.0202803
0.0208647
0.0210384
0.0210227
0.0202171
0.0207384
0.020691
0.021307
0.021686
0.0206436
0.0208647
0.0207541
0.0210069
0.0202013
0.0209911
0.0213385
0.0209753
0.0204067
0.0212754
0.0211806
0.020612
0.0208647
0.0203593
0.020691
0.020454
0.0208173
0.0216071
0.0209753
0.0214491
0.0215439
0.0204856
0.0200434
0.0205646
0.0208331
0.0205962
0.020533
0.0200908
0.0205014
0.0211964
0.0208173
0.0209437
0.020454
0.0215913
0.0214491
0.0207699
0.0204698
0.0209437
0.0207226
0.0208173
0.0209437
0.0209753
0.0205962
0.0201066
0.0212912
0.0204225
0.02107
0.0209911
0.0210227
0.0207541
0.021686
0.0216386
0.0210858
0.0217966
0.0206436
0.0211174
0.0215597
0.0212438
0.021307
0.0211016
0.0204698
0.0209121
0.0201224
0.0199012
0.0207068
0.0207226
0.0201382
0.0210384
0.021307
0.0212438
0.0215755
0.0209121
0.0211648
0.0212912
0.0198696
0.021228
0.0208489
0.0212596
0.0212596
0.0199644
0.021149
0.0215913
0.021228
0.0205962
0.0207226
0.0202487
0.0201697
0.0210227
0.0205804
0.0209595
0.0207226
0.0207068
0.0214017
0.0212754
0.0207226
0.020075
0.0215597
0.0217966
0.0214491
0.0212912
0.020533
0.0210227
0.0210227
0.0209753
0.0207541
0.0205014
0.0207068
0.0206594
0.0202487
0.0210384
0.0207541
0.0211174
0.0206278
0.0214965
0.0211806
0.0208805
