0.020691
0.0208489
0.0209595
0.0211174
0.0217334
0.0211806
0.0215281
0.021844
0.0220177
0.0217334
0.0219387
0.0212754
0.0215123
0.0213543
0.0211332
0.0213701
0.0220493
0.0217018
0.0217176
0.0214649
0.0208963
0.0218598
0.0213701
0.021228
0.021686
0.021686
0.0215439
0.0213701
0.0208805
0.0216228
0.0215281
0.021149
0.0207068
0.0220809
0.0219861
0.0214965
0.0214491
0.0209437
0.0219387
0.0211806
0.02107
0.021228
0.0212912
0.0207384
0.0212438
0.022381
0.0207541
0.0214175
0.0216702
0.0213701
0.0221599
0.0212122
0.0209595
0.0212438
0.0211648
0.0215281
0.021228
0.0215439
0.0211016
0.0213859
0.0213228
0.0216386
0.0214175
0.0213385
0.0220019
0.0215281
0.0214333
0.0214491
0.0211174
0.0216544
0.0220019
0.0211174
0.0219387
0.0223968
0.0216544
0.0219703
0.0212122
0.0215755
0.0216702
0.0220967
0.0212912
0.021686
0.0218282
0.0216228
0.0213228
0.021307
0.0218282
0.0217176
0.0223336
0.021307
0.0220967
0.0221125
0.0217176
0.0215123
0.0210858
0.0208489
0.0217176
0.0217334
0.0211964
0.0207699
0.0213859
0.0219072
0.0210542
0.0217018
0.0211648
0.0216071
0.0213701
0.0214807
0.021228
0.0215281
0.0221599
0.0214333
0.0220177
0.0216386
0.0216071
0.0217334
0.0206752
0.0214017
0.0216544
0.0216071
0.0212122
0.0209753
0.0211174
0.0207384
0.0200592
0.0214807
0.0220335
0.021844
0.0216386
0.0216228
0.0214807
0.0212122
0.0216386
0.0214491
0.0221915
0.0216544
0.0216386
0.0211332
0.0212596
0.021765
0.0212596
0.0211648
0.0210858
0.0207699
0.0216386
0.0211174
0.0221599
0.0213701
0.0211964
0.0212122
0.0214333
0.0215439
0.0213228
0.0214965
0.0202013
0.0211174
0.021686
0.0211648
0.0216228
0.0209595
0.0214491
0.0208489
0.0212912
0.0209753
0.0217018
0.0218914
0.0208489
0.0212754
0.021228
0.0214333
0.021686
0.021149
0.0217334
0.0212596
0.0214491
0.0213228
0.0215281
0.0213228
0.0212438
0.0219703
0.0211964
0.0210227
0.0218124
0.0214965
0.0210384
0.0211332
0.0205488
0.0215281
0.0218598
0.0217808
0.0222073
0.0215755
0.0211016
0.0216702
0.0219387
0.0215755
0.0216228
0.0206752
0.0221125
0.0217808
0.0217808
0.02107
0.0218756
0.0213859
0.021765
0.0218282
0.0212596
0.0209595
0.0214175
0.0207226
0.0210542
0.0219703
0.0217176
0.0210542
0.02107
0.0213701
0.0209279
0.0217176
0.021307
0.0212438
0.0211964
0.0208173
0.0209753
0.0210858
0.0209911
0.0220493
0.0217334
0.0220019
0.0217808
0.0214491
0.0214175
0.0214965
0.0208647
0.0219545
0.0214965
0.0214649
0.0213385
0.0210542
0.0214175
0.0205488
0.0219229
0.02107
0.0217808
0.0214965
0.0211964
0.0209911
0.0216702
0.0218914
0.0221441
0.0218756
0.0217808
0.021844
0.0214017
0.021307
0.0215281
0.022223
0.0216228
0.021765
0.0211332
0.0214491
0.0209753
0.0210384
0.0210227
0.0214491
0.0212912
0.0215281
0.0218914
0.0217176
0.0218124
0.0217492
0.0217334
0.0221915
0.0219072
0.0217018
0.0217334
0.0212596
0.0215913
0.0214649
0.0214175
0.0214807
0.0220019
0.0215755
0.0215439
0.0215597
0.0218756
0.0219387
0.0216071
0.021686
0.0211648
0.0213701
0.0214491
0.0220493
0.0215597
0.0214333
0.0216544
0.0215755
0.0219072
0.0214965
0.0213859
0.0214649
0.0206278
0.0205646
0.0208805
